1 10 42 53
1 11 54 40
1 12 64 54
1 13 72 59
1 14 47 10
1 15 67 40
1 16 2 50
1 17 65 55
1 18 5 24
1 19 91 63
1 20 83 66
1 21 93 77
1 22 10 56
1 23 100 76
1 24 3 49
1 25 107 74
1 26 113 91
1 27 131 86
1 28 122 101
1 29 136 105
1 30 130 99
1 31 200 161
1 32 3 100
1 33 2 79
1 34 2 128
1 35 178 121
1 36 2 126
1 37 11 104
1 38 173 126
1 39 183 130
1 40 179 112
1 41 182 141
1 42 180 134
1 43 192 144
1 44 214 152
1 45 10 132
1 46 210 159
1 47 209 164
1 48 209 138
1 49 215 147
1 50 13 112
1 51 230 176
1 52 237 177
1 53 249 195
1 54 2 199
1 55 247 179
1 56 258 193
1 57 252 135
1 58 269 194
1 59 285 192
1 60 284 214
1 61 288 200
1 62 294 214
1 63 295 216
1 64 303 224
1 65 303 226
1 66 304 219
1 67 305 231
1 68 313 243
1 69 10 235
1 70 329 267
1 71 330 254
1 72 330 263
1 73 331 256
1 74 328 246
1 75 348 274
1 76 417 334
1 77 355 284
1 78 367 297
1 79 357 277
1 80 352 233
1 81 362 260
1 82 367 284
1 83 410 361
1 84 399 279
1 85 402 264
1 86 398 302
1 87 402 314
1 88 413 356
1 89 5 327
1 90 411 336
1 91 417 329
1 92 9 296
1 93 436 367
1 94 419 309
1 95 420 321
1 96 462 408
1 97 441 322
1 98 455 384
1 99 3 318
1 100 460 382
2 10 34 51
2 11 11 34
2 12 59 50
2 13 28 58
2 14 66 51
2 15 6 51
2 16 41 56
2 17 57 62
2 18 86 70
2 19 45 65
2 20 121 82
2 21 90 68
2 22 45 77
2 23 104 78
2 24 109 73
2 25 59 89
2 26 61 85
2 27 7 43
2 28 6 83
2 29 136 92
2 30 133 98
2 31 134 87
2 32 142 103
2 33 83 119
2 34 78 110
2 35 157 116
2 36 78 112
2 37 83 122
2 38 166 129
2 39 5 140
2 40 183 139
2 41 97 132
2 42 95 122
2 43 195 148
2 44 193 137
2 45 102 160
2 46 8 156
2 47 210 162
2 48 217 171
2 49 95 128
2 50 4 156
2 51 4 149
2 52 45 37
2 53 246 175
2 54 124 179
2 55 130 194
2 56 127 171
2 57 6 178
2 58 267 205
2 59 7 197
2 60 279 218
2 61 264 196
2 62 147 224
2 63 279 219
2 64 138 202
2 65 6 163
2 66 288 194
2 67 152 232
2 68 157 233
2 69 313 248
2 70 312 244
2 71 180 276
2 72 326 247
2 73 334 256
2 74 324 239
2 75 163 239
2 76 165 233
2 77 180 269
2 78 364 291
2 79 173 266
2 80 374 312
2 81 5 288
2 82 368 264
2 83 5 271
2 84 377 275
2 85 419 363
2 86 196 299
2 87 417 351
2 88 396 292
2 89 404 308
2 90 7 332
2 91 6 352
2 92 427 373
2 93 428 340
2 94 210 299
2 95 459 405
2 96 6 281
2 97 446 387
2 98 12 348
2 99 7 224
2 100 475 406
3 10 32 42
3 11 34 50
3 12 21 47
3 13 68 52
3 14 18 20
3 15 54 78
3 16 76 58
3 17 66 66
3 18 58 72
3 19 36 73
3 20 93 64
3 21 90 65
3 22 39 71
3 23 100 81
3 24 118 87
3 25 81 94
3 26 107 82
3 27 128 98
3 28 82 79
3 29 50 96
3 30 135 103
3 31 55 115
3 32 100 92
3 33 158 121
3 34 158 115
3 35 155 121
3 36 159 113
3 37 56 110
3 38 171 133
3 39 186 128
3 40 83 89
3 41 64 99
3 42 9 152
3 43 132 152
3 44 200 145
3 45 210 155
3 46 213 160
3 47 215 168
3 48 126 125
3 49 83 148
3 50 5 84
3 51 7 171
3 52 89 161
3 53 161 178
3 54 247 177
3 55 253 199
3 56 5 216
3 57 133 169
3 58 92 196
3 59 270 221
3 60 5 204
3 61 277 222
3 62 282 210
3 63 187 217
3 64 287 222
3 65 9 235
3 66 10 150
3 67 311 247
3 68 304 218
3 69 217 258
3 70 208 219
3 71 325 256
3 72 112 234
3 73 338 257
3 74 330 260
3 75 231 272
3 76 347 256
3 77 360 292
3 78 362 302
3 79 244 286
3 80 361 249
3 81 381 274
3 82 259 284
3 83 409 348
3 84 262 321
3 85 401 336
3 86 395 310
3 87 383 268
3 88 8 251
3 89 4 197
3 90 428 371
3 91 278 310
3 92 8 333
3 93 439 330
3 94 405 313
3 95 423 344
3 96 145 346
3 97 147 338
3 98 438 380
3 99 443 313
3 100 152 349
4 10 39 51
4 11 37 49
4 12 31 43
4 13 4 53
4 14 33 56
4 15 74 56
4 16 75 65
4 17 27 67
4 18 66 63
4 19 91 64
4 20 94 72
4 21 80 52
4 22 133 74
4 23 108 83
4 24 60 86
4 25 34 93
4 26 123 88
4 27 92 86
4 28 59 82
4 29 72 111
4 30 143 112
4 31 37 95
4 32 148 110
4 33 81 118
4 34 68 78
4 35 166 124
4 36 115 113
4 37 160 122
4 38 93 127
4 39 91 138
4 40 178 123
4 41 143 144
4 42 194 139
4 43 60 148
4 44 183 160
4 45 157 141
4 46 110 172
4 47 212 148
4 48 60 172
4 49 62 176
4 50 8 171
4 51 239 187
4 52 125 191
4 53 131 191
4 54 249 180
4 55 196 220
4 56 205 190
4 57 213 188
4 58 273 208
4 59 273 179
4 60 273 201
4 61 269 178
4 62 77 228
4 63 292 223
4 64 234 242
4 65 297 238
4 66 307 247
4 67 316 251
4 68 315 242
4 69 318 235
4 70 85 248
4 71 168 263
4 72 164 256
4 73 327 240
4 74 348 258
4 75 265 280
4 76 92 266
4 77 289 329
4 78 101 267
4 79 387 323
4 80 382 281
4 81 368 284
4 82 395 322
4 83 103 272
4 84 404 334
4 85 91 254
4 86 412 330
4 87 403 315
4 88 425 325
4 89 430 371
4 90 207 301
4 91 113 369
4 92 109 277
4 93 433 348
4 94 451 388
4 95 434 342
4 96 430 329
4 97 343 335
4 98 469 370
4 99 460 379
4 100 11 354
5 10 51 45
5 11 72 57
5 12 73 66
5 13 69 52
5 14 70 52
5 15 36 56
5 16 77 60
5 17 74 66
5 18 11 67
5 19 90 75
5 20 60 69
5 21 109 85
5 22 109 87
5 23 12 41
5 24 77 94
5 25 2 75
5 26 75 87
5 27 102 92
5 28 98 83
5 29 132 82
5 30 135 103
5 31 141 102
5 32 112 98
5 33 151 107
5 34 93 108
5 35 40 97
5 36 167 130
5 37 34 122
5 38 175 127
5 39 75 127
5 40 119 151
5 41 80 155
5 42 195 139
5 43 37 52
5 44 206 154
5 45 206 153
5 46 86 149
5 47 229 170
5 48 225 169
5 49 53 177
5 50 102 186
5 51 237 163
5 52 152 190
5 53 202 198
5 54 255 192
5 55 211 194
5 56 43 137
5 57 220 221
5 58 212 191
5 59 167 210
5 60 283 220
5 61 225 198
5 62 68 215
5 63 207 166
5 64 303 233
5 65 184 239
5 66 125 237
5 67 12 234
5 68 254 260
5 69 321 252
5 70 366 269
5 71 338 255
5 72 346 265
5 73 280 270
5 74 349 278
5 75 354 279
5 76 373 270
5 77 294 286
5 78 78 281
5 79 385 303
5 80 373 298
5 81 402 349
5 82 383 284
5 83 414 349
5 84 165 270
5 85 11 312
5 86 426 370
5 87 332 256
5 88 177 293
5 89 259 331
5 90 98 365
5 91 505 337
5 92 433 344
5 93 260 311
5 94 194 336
5 95 329 413
5 96 470 396
5 97 479 413
5 98 286 347
5 99 187 279
5 100 492 417
6 10 2 25
6 11 81 53
6 12 79 67
6 13 8 22
6 14 3 11
6 15 52 48
6 16 68 61
6 17 12 44
6 18 56 59
6 19 94 69
6 20 22 60
6 21 60 87
6 22 74 48
6 23 13 32
6 24 139 107
6 25 21 60
6 26 100 72
6 27 73 94
6 28 71 88
6 29 93 99
6 30 149 120
6 31 45 47
6 32 138 115
6 33 156 114
6 34 149 98
6 35 153 113
6 36 37 118
6 37 182 113
6 38 193 127
6 39 167 127
6 40 156 143
6 41 162 141
6 42 197 145
6 43 170 138
6 44 139 99
6 45 204 146
6 46 44 145
6 47 113 148
6 48 154 158
6 49 236 174
6 50 259 191
6 51 169 166
6 52 11 180
6 53 11 175
6 54 221 191
6 55 179 204
6 56 231 213
6 57 223 198
6 58 207 163
6 59 270 193
6 60 228 223
6 61 78 242
6 62 223 188
6 63 129 173
6 64 212 238
6 65 267 220
6 66 12 167
6 67 216 214
6 68 281 234
6 69 55 184
6 70 304 124
6 71 352 276
6 72 293 255
6 73 347 244
6 74 74 270
6 75 126 252
6 76 297 279
6 77 364 283
6 78 384 327
6 79 241 273
6 80 377 296
6 81 257 302
6 82 124 282
6 83 330 296
6 84 328 301
6 85 405 345
6 86 339 320
6 87 410 325
6 88 412 296
6 89 178 265
6 90 442 366
6 91 80 330
6 92 5 331
6 93 450 387
6 94 379 272
6 95 465 351
6 96 475 411
6 97 301 369
6 98 464 380
6 99 155 361
6 100 460 363
7 10 67 64
7 11 57 55
7 12 35 59
7 13 65 58
7 14 83 60
7 15 78 59
7 16 86 62
7 17 89 68
7 18 142 117
7 19 96 69
7 20 30 68
7 21 36 83
7 22 95 80
7 23 31 107
7 24 100 78
7 25 116 84
7 26 131 95
7 27 118 93
7 28 133 89
7 29 143 107
7 30 119 89
7 31 145 107
7 32 156 113
7 33 112 110
7 34 161 116
7 35 32 121
7 36 101 130
7 37 108 127
7 38 165 122
7 39 180 112
7 40 90 144
7 41 158 125
7 42 201 142
7 43 183 150
7 44 119 157
7 45 61 141
7 46 239 159
7 47 196 162
7 48 159 168
7 49 141 190
7 50 234 167
7 51 31 150
7 52 143 183
7 53 107 176
7 54 258 192
7 55 219 176
7 56 120 210
7 57 234 207
7 58 50 229
7 59 169 236
7 60 172 124
7 61 77 206
7 62 173 159
7 63 255 222
7 64 300 200
7 65 215 235
7 66 305 221
7 67 312 236
7 68 268 231
7 69 13 244
7 70 330 247
7 71 342 256
7 72 294 240
7 73 242 254
7 74 365 306
7 75 347 244
7 76 366 266
7 77 365 289
7 78 308 237
7 79 394 332
7 80 8 282
7 81 384 305
7 82 391 293
7 83 411 332
7 84 398 289
7 85 120 292
7 86 420 358
7 87 238 284
7 88 432 358
7 89 354 316
7 90 120 319
7 91 440 374
7 92 307 288
7 93 433 332
7 94 252 360
7 95 316 336
7 96 442 245
7 97 430 320
7 98 349 342
7 99 71 297
7 100 345 274
8 10 51 42
8 11 4 3
8 12 6 15
8 13 57 51
8 14 47 30
8 15 73 58
8 16 65 59
8 17 56 63
8 18 61 69
8 19 97 75
8 20 82 77
8 21 91 76
8 22 113 83
8 23 96 86
8 24 105 93
8 25 132 93
8 26 27 78
8 27 81 82
8 28 29 58
8 29 92 112
8 30 6 112
8 31 94 97
8 32 129 105
8 33 168 122
8 34 159 119
8 35 119 109
8 36 31 65
8 37 152 119
8 38 194 120
8 39 122 119
8 40 125 142
8 41 59 130
8 42 130 139
8 43 21 64
8 44 59 124
8 45 202 173
8 46 19 129
8 47 233 147
8 48 97 149
8 49 149 119
8 50 55 129
8 51 189 166
8 52 138 91
8 53 167 174
8 54 201 173
8 55 73 190
8 56 283 191
8 57 143 206
8 58 238 188
8 59 86 165
8 60 221 207
8 61 14 211
8 62 294 209
8 63 14 194
8 64 234 212
8 65 170 215
8 66 235 233
8 67 303 233
8 68 246 253
8 69 199 162
8 70 259 242
8 71 11 219
8 72 51 252
8 73 316 230
8 74 295 250
8 75 343 238
8 76 325 255
8 77 54 275
8 78 363 256
8 79 239 228
8 80 382 259
8 81 279 270
8 82 435 347
8 83 335 289
8 84 338 281
8 85 408 313
8 86 253 275
8 87 403 327
8 88 106 271
8 89 44 241
8 90 422 361
8 91 324 303
8 92 424 318
8 93 429 326
8 94 60 267
8 95 449 369
8 96 330 342
8 97 225 332
8 98 399 370
8 99 417 376
8 100 258 397
9 10 64 58
9 11 33 44
9 12 26 43
9 13 71 78
9 14 75 53
9 15 47 64
9 16 84 63
9 17 73 73
9 18 84 68
9 19 94 51
9 20 105 69
9 21 108 74
9 22 108 69
9 23 15 91
9 24 117 81
9 25 92 78
9 26 63 96
9 27 64 102
9 28 114 108
9 29 134 96
9 30 93 121
9 31 103 119
9 32 124 111
9 33 57 116
9 34 160 121
9 35 151 127
9 36 47 113
9 37 143 108
9 38 140 136
9 39 181 144
9 40 152 162
9 41 189 154
9 42 179 132
9 43 173 140
9 44 214 151
9 45 209 178
9 46 158 172
9 47 109 115
9 48 8 64
9 49 2 32
9 50 65 167
9 51 230 173
9 52 260 181
9 53 211 188
9 54 278 196
9 55 284 208
9 56 232 209
9 57 284 218
9 58 253 185
9 59 170 206
9 60 135 204
9 61 234 218
9 62 36 219
9 63 302 228
9 64 57 148
9 65 49 266
9 66 108 215
9 67 358 249
9 68 271 257
9 69 45 228
9 70 157 252
9 71 346 273
9 72 199 239
9 73 338 219
9 74 331 247
9 75 13 254
9 76 279 283
9 77 34 192
9 78 457 341
9 79 374 285
9 80 382 313
9 81 266 313
9 82 55 318
9 83 413 336
9 84 269 295
9 85 427 348
9 86 422 310
9 87 414 297
9 88 438 354
9 89 447 294
9 90 421 305
9 91 477 389
9 92 308 300
9 93 301 314
9 94 68 340
9 95 51 311
9 96 17 331
9 97 364 383
9 98 373 376
9 99 223 400
9 100 421 377
10 10 97 44
10 11 52 46
10 12 37 49
10 13 67 54
10 14 61 67
10 15 26 69
10 16 77 66
10 17 66 73
10 18 85 63
10 19 45 77
10 20 48 78
10 21 76 80
10 22 111 77
10 23 101 90
10 24 120 100
10 25 149 95
10 26 153 435
10 27 138 111
10 28 4 12
10 29 234 137
10 30 38 53
10 31 18 123
10 32 125 73
10 33 13 81
10 34 112 55
10 35 31 86
10 36 195 135
10 37 95 126
10 38 143 114
10 39 182 109
10 40 198 134
10 41 213 136
10 42 162 157
10 43 110 160
10 44 188 191
10 45 228 169
10 46 40 141
10 47 59 167
10 48 223 151
10 49 177 175
10 50 130 190
10 51 246 177
10 52 254 200
10 53 70 162
10 54 270 209
10 55 70 195
10 56 97 208
10 57 38 163
10 58 249 245
10 59 17 231
10 60 292 210
10 61 25 164
10 62 203 234
10 63 30 151
10 64 37 151
10 65 327 253
10 66 96 220
10 67 207 257
10 68 216 248
10 69 275 263
10 70 315 189
10 71 316 260
10 72 363 240
10 73 193 228
10 74 357 276
10 75 110 240
10 76 305 285
10 77 401 303
10 78 2 209
10 79 255 256
10 80 363 292
10 81 316 286
10 82 371 331
10 83 259 324
10 84 85 287
10 85 447 362
10 86 214 309
10 87 425 322
10 88 233 375
10 89 427 326
10 90 429 337
10 91 448 371
10 92 448 305
10 93 427 340
10 94 334 361
10 95 61 320
10 96 45 354
10 97 465 364
10 98 494 427
10 99 241 378
10 100 93 354
