1 7 1 9
1 8 2 11
1 18 3 18
1 26 4 22
1 2 5 14
1 19 6 35
1 12 7 33
1 25 8 38
1 32 9 49
1 38 10 50
2 11 1 10
2 22 2 22
2 18 3 23
2 23 4 27
2 22 5 29
2 28 6 40
2 25 7 19
2 24 8 44
2 28 9 38
2 41 10 51
3 9 1 5
3 22 2 26
3 24 3 30
3 27 4 36
3 32 6 31
3 47 7 48
3 47 8 59
1 10 1 10
1 17 2 17
1 19 3 17
1 4 4 7
1 13 5 24
1 52 6 41
1 24 7 30
1 17 8 27
1 20 9 42
1 24 10 39
2 14 1 12
2 22 2 20
2 19 3 14
2 24 4 28
2 30 5 33
2 34 6 41
2 10 7 15
2 40 8 41
2 47 9 53
2 31 10 51
3 22 1 23
3 22 2 27
3 26 3 32
3 36 4 37
3 28 5 37
3 37 6 48
3 56 7 62
3 82 9 82
3 98 10 99
4 12 1 15
4 23 2 17
4 34 3 36
4 39 5 49
4 68 6 66
4 95 8 97
4 95 9 94
