100000 182
100000 182
100000 121
100000 159
100000 252
200000 379
200000 359
200000 405
200000 327
200000 419
300000 416
300000 505
300000 442
300000 465
300000 547
400000 512
400000 533
400000 588
500000 684
400000 607
400000 672
500000 643
500000 674
500000 761
600000 721
600000 824
500000 796
600000 911
600000 887
700000 868
600000 933
700000 991
700000 1066
800000 1006
800000 1059
700000 1070
700000 1035
900000 1169
800000 1249
800000 1222
900000 1243
800000 1216
1000000 1345
900000 1437
1000000 1406
900000 1406
900000 1379
1000000 1547
1100000 1480
1000000 1528
1100000 1569
1000000 1567
1100000 1707
1200000 1676
1100000 1695
1200000 1778
1100000 1780
1300000 1787
1200000 1901
1200000 1836
1200000 1925
1400000 1930
1300000 1967
1300000 2082
1300000 2102
1300000 2043
1400000 2173
1500000 2107
1400000 2144
1400000 2175
1400000 2246
1500000 2303
1600000 2409
1600000 2315
1500000 2352
1500000 2338
1700000 2379
1500000 2452
1700000 2588
1600000 2469
1800000 2503
1600000 2513
1600000 2591
1800000 2675
1700000 2621
1700000 2639
1900000 2795
1900000 2706
1700000 2778
2000000 2863
1800000 2775
1800000 2791
2000000 2848
1800000 2940
2100000 3053
1900000 2924
1900000 2907
2100000 3031
1900000 3112
2000000 3040
2000000 3049
2200000 3223
2100000 3174
2200000 3186
2000000 3282
2100000 3225
2300000 3435
2200000 3374
2100000 3474
2300000 3408
2200000 3385
2400000 3602
2300000 3502
2400000 3490
2200000 3628
2300000 3568
2400000 3671
2500000 3815
2500000 3677
2300000 3794
2400000 3745
2500000 3832
2600000 4014
2400000 3971
2600000 3902
2500000 3924
2600000 3984
2700000 4177
2500000 4124
2700000 4052
2600000 4098
2700000 4138
2600000 4248
2800000 4331
2800000 4199
2800000 4274
2700000 4258
2700000 4396
2900000 4315
2900000 4515
2900000 4454
2800000 4557
2800000 4436
3000000 4669
3000000 4507
3000000 4641
2900000 4746
2900000 4625
3100000 4855
3100000 4691
3100000 4829
3000000 4792
3000000 4929
3200000 5035
3200000 4874
3200000 5002
3100000 4972
3100000 5100
3300000 5215
3300000 5058
3300000 5176
3200000 5271
3200000 5166
3400000 5378
3400000 5220
3400000 5365
3300000 5452
3300000 5375
3500000 5571
3500000 5398
3500000 5518
3400000 5610
3600000 5743
3600000 5566
3400000 5565
3600000 5680
3500000 5793
3700000 5899
3500000 5727
3700000 5732
3700000 5822
3600000 5853
3800000 5865
3600000 5956
3800000 6076
3800000 5954
3900000 6031
3700000 6051
3700000 6137
3900000 6251
3900000 6116
4000000 6199
3800000 6277
3800000 6216
4000000 6408
4000000 6259
4100000 6346
3900000 6353
3900000 6440
4100000 6428
4100000 6595
4000000 6472
4200000 6518
4000000 6608
4200000 6547
4200000 6776
4100000 6635
4300000 6678
4300000 6708
4100000 6798
4300000 6889
4200000 6816
4400000 6838
4400000 6869
4400000 7050
4200000 6971
4300000 6980
4500000 6996
4300000 7108
4500000 7024
4500000 7203
4400000 7135
4600000 7139
4600000 7163
4400000 7252
4600000 7343
4500000 7280
4700000 7271
4700000 7464
4500000 7404
4700000 7321
4600000 7388
4800000 7436
4800000 7445
4600000 7557
4800000 7644
4700000 7550
4900000 7583
4900000 7585
4700000 7704
4900000 7783
4800000 7673
5000000 7705
4800000 7842
5000000 7738
